100
22 84
30 37
10 67
24 64
55 82
73 82
6 67
55 87
48 53
47 81
2 61
57 100
7 87
79 95
6 29
5 6
21 68
55 62
50 53
10 26
6 34
67 89
62 98
26 85
40 74
92 93
14 34
8 39
87 88
3 4
23 93
10 40
89 91
25 81
19 91
10 98
15 45
72 82
31 77
30 93
60 72
7 58
23 24
51 52
24 25
21 97
72 73
59 60
45 72
72 94
37 93
55 59
8 14
30 94
88 89
50 73
50 82
6 73
100 1
24 94
76 77
29 87
48 73
24 26
58 98
57 86
21 62
6 72
26 40
14 64
24 29
48 87
48 61
44 45
61 98
36 37
59 82
9 79
6 45
24 72
2 81
45 60
48 81
48 60
53 82
10 74
35 80
7 35
2 98
37 97
15 82
34 87
84 87
6 41
9 95
6 50
14 91
19 26
52 53
50 59
14 89
15 60
35 36
53 55
14 24
9 10
61 84
19 20
73 74
62 94
99 100
75 76
10 64
24 67
2 85
4 8
95 96
13 14
50 72
72 93
2 3
24 40
60 82
62 73
55 73
34 35
7 80
71 72
8 17
15 16
6 82
40 58
11 12
45 62
19 67
24 74
34 84
65 66
10 89
60 87
2 34
62 87
7 61
67 91
6 15
81 86
96 97
18 90
37 72
14 40
68 97
40 62
40 41
24 93
8 40
10 24
8 24
48 62
29 61
47 86
6 53
7 67
51 95
55 56
55 72
33 34
7 84
37 98
6 62
8 79
6 60
4 51
8 73
14 19
61 81
15 59
6 59
6 98
32 33
38 39
20 21
2 25
69 70
40 89
2 37
30 31
14 15
59 73
80 81
8 95
2 97
2 20
46 89
29 93
4 5
60 62
22 87
53 54
7 8
93 94
22 34
25 47
23 37
53 87
63 98
74 89
53 62
55 60
24 89
1 2
12 13
73 87
67 87
47 61
42 43
2 47
50 60
84 98
22 61
8 91
25 48
30 72
23 72
63 64
29 67
45 46
34 98
18 19
15 53
10 63
6 48
15 73
45 73
9 39
40 91
23 94
48 59
61 67
34 61
61 87
41 42
45 59
4 9
48 86
83 84
20 34
27 28
15 55
19 24
64 89
78 79
14 74
45 48
82 87
81 82
62 63
53 73
48 82
26 31
62 82
98 99
38 92
2 48
2 6
7 34
6 52
24 30
8 74
3 12
8 10
23 30
29 30
82 83
67 84
29 94
60 73
37 94
10 11
7 62
49 50
26 77
29 98
45 53
19 74
59 72
59 62
8 19
45 55
7 29
37 38
27 92
29 34
26 67
86 100
48 49
63 75
26 89
10 14
70 71
90 91
15 72
31 32
19 64
26 27
60 61
28 29
22 98
35 71
6 22
74 91
28 80
6 87
53 72
50 51
87 94
67 68
51 92
8 9
29 72
26 64
15 62
7 98
19 89
47 48
64 74
8 67
74 75
22 29
72 87
4 63
46 47
50 62
89 90
21 22
45 50
86 87
58 59
17 100
39 40
40 67
87 98
4 95
14 26
64 67
59 87
10 91
39 95
34 67
91 92
29 84
8 26
43 44
58 62
17 18
53 60
8 89
50 87
85 86
84 85
61 62
24 91
68 69
40 98
38 51
10 85
45 87
57 58
51 63
22 23
23 29
7 22
79 80
15 87
6 7
22 67
94 95
54 55
48 50
24 37
6 84
10 19
39 79
29 37
56 57
66 67
45 82
25 26
4 39
7 40
61 86
26 74
6 55
64 91
25 61
4 79
53 59
2 86
25 86
48 72
67 74
48 55
40 64
8 64
19 40
41 52
15 50
16 17
26 91
6 61
50 55
64 65
35 72
97 98
14 67
15 48
8 100
67 98
77 78
62 72
